((0 0 0 0) (0 0 0 0) (0 2 0 0) (0 0 0 2)) L
((0 0 0 4) (0 0 0 0) (2 0 0 0) (2 0 0 0)) L
((4 0 0 4) (0 0 0 0) (2 0 0 0) (2 0 0 0)) L
((8 0 0 4) (0 0 0 0) (2 0 0 0) (2 0 0 0)) D
((0 4 0 0) (0 0 0 0) (8 0 0 0) (4 0 0 4)) L
((4 4 0 0) (0 0 0 0) (8 0 0 0) (8 0 0 0)) L
((8 0 0 0) (0 0 0 0) (8 0 0 0) (8 0 0 4)) L
((8 0 0 0) (0 0 0 0) (8 0 0 0) (8 4 0 2)) L
((8 0 0 0) (0 0 0 0) (8 0 0 0) (8 4 2 2)) L
((8 0 0 0) (0 0 0 2) (8 0 0 0) (8 4 4 0)) L
((8 0 0 0) (2 0 0 0) (8 0 0 0) (8 8 4 0)) U
((8 8 4 0) (2 0 0 0) (16 0 0 4) (0 0 0 0)) L
((16 4 0 4) (2 0 0 0) (16 4 0 0) (0 0 0 0)) L
((16 8 0 4) (2 0 0 0) (16 4 0 0) (0 0 0 0)) R
((0 16 8 4) (0 0 0 2) (0 0 16 4) (0 4 0 0)) R
((0 16 8 4) (0 0 4 2) (0 0 16 4) (0 0 0 4)) U
((0 16 8 4) (0 0 4 2) (0 2 16 8) (0 0 0 0)) D
((0 0 0 0) (4 0 8 4) (0 16 4 2) (0 2 16 8)) D
((0 0 0 4) (0 0 8 4) (0 16 4 2) (4 2 16 8)) U
((4 16 8 8) (0 2 4 2) (0 0 16 8) (0 2 0 0)) U
((4 16 8 8) (0 4 4 2) (0 0 16 8) (0 0 0 4)) L
((4 16 16 0) (8 2 0 0) (16 8 0 0) (4 4 0 0)) R
((0 4 4 32) (0 0 8 2) (0 0 16 8) (0 0 0 8)) U
((0 4 4 32) (4 0 8 2) (0 0 16 16) (0 0 0 0)) L
((8 32 0 0) (4 8 2 0) (32 4 0 0) (0 0 0 0)) R
((0 0 8 32) (0 4 8 2) (0 0 32 4) (0 0 4 0)) L
((8 32 0 0) (4 8 2 4) (32 4 0 0) (4 0 0 0)) R
((0 0 8 32) (4 8 2 4) (2 0 32 4) (0 0 0 4)) U
((4 8 8 32) (2 4 2 8) (0 0 32 4) (0 0 0 0)) L
((4 16 32 0) (2 4 2 8) (32 4 0 4) (0 0 0 0)) L
((4 16 32 0) (2 4 2 8) (32 8 0 4) (0 0 0 0)) L
((4 16 32 0) (2 4 2 8) (32 8 4 0) (0 0 0 4)) D
((4 0 0 0) (4 16 32 0) (2 4 2 8) (32 8 4 4)) L
((4 0 0 0) (4 16 32 0) (2 4 2 8) (32 8 8 4)) L
((4 2 0 0) (4 16 32 0) (2 4 2 8) (32 16 4 0)) U
((8 2 32 8) (2 16 2 0) (32 4 4 0) (4 16 0 0)) R
((8 2 32 8) (0 2 16 2) (0 0 32 8) (4 0 4 16)) D
((0 0 32 8) (0 0 16 2) (8 4 32 8) (4 4 4 16)) L
((32 8 0 0) (16 2 2 0) (8 4 32 8) (8 4 16 0)) U
((32 8 2 8) (16 2 32 4) (16 8 16 0) (0 0 0 0)) D
((0 0 0 2) (0 8 2 0) (32 2 32 8) (32 8 16 4)) L
((2 0 0 0) (8 2 4 0) (32 2 32 8) (32 8 16 4)) U
((2 4 4 8) (8 8 32 4) (64 0 16 0) (0 0 0 4)) U
((2 4 4 8) (8 8 32 8) (64 0 16 0) (0 4 0 0)) D
((0 0 2 0) (2 4 4 0) (8 8 32 0) (64 4 16 16)) R
((0 0 0 2) (0 4 2 8) (0 0 16 32) (0 64 4 32)) U
((0 4 2 2) (0 64 16 8) (0 0 4 64) (0 0 4 0)) L
((4 4 0 0) (64 16 8 4) (4 64 0 0) (4 0 0 0)) L
((8 0 0 0) (64 16 8 4) (4 64 0 0) (4 0 4 0)) U
((8 16 8 4) (64 64 4 0) (8 0 0 0) (4 0 0 0)) R
((8 16 8 4) (0 0 128 4) (0 0 0 8) (0 4 0 4)) U
((8 16 8 8) (0 4 128 8) (0 0 0 4) (0 0 0 4)) L
((8 16 16 0) (4 128 8 0) (4 0 0 0) (4 4 0 0)) L
((8 32 0 0) (4 128 8 0) (4 0 0 0) (8 4 0 0)) U
((8 32 8 0) (8 128 0 0) (8 4 0 0) (4 0 0 0)) U
((16 32 8 2) (8 128 0 0) (4 4 0 0) (0 0 0 0)) L
((16 32 8 2) (8 128 0 2) (8 0 0 0) (0 0 0 0)) U
((16 32 8 4) (16 128 0 0) (0 0 0 0) (4 0 0 0)) U
((32 32 8 4) (4 128 0 0) (4 0 0 0) (0 0 0 0)) U
((32 32 8 4) (8 128 0 0) (4 0 0 0) (0 0 0 0)) L
((64 8 4 0) (8 128 0 0) (4 0 4 0) (0 0 0 0)) L
((64 8 4 0) (8 128 0 0) (8 0 0 0) (2 0 0 0)) U
((64 8 4 0) (16 128 0 4) (2 0 0 0) (0 0 0 0)) L
((64 8 4 0) (16 128 4 0) (2 0 0 0) (4 0 0 0)) U
((64 8 8 0) (16 128 0 0) (2 0 0 0) (4 2 0 0)) L
((64 16 0 0) (16 128 0 0) (2 4 0 0) (4 2 0 0)) R
((0 0 64 16) (0 2 16 128) (0 0 2 4) (0 0 4 2)) L
((64 16 0 0) (2 16 128 0) (2 4 0 0) (4 2 0 4)) L
((64 16 0 0) (2 16 128 0) (2 4 0 0) (4 2 4 4)) L
((64 16 0 0) (2 16 128 2) (2 4 0 0) (4 2 8 0)) U
((64 32 128 2) (4 4 8 0) (4 2 0 4) (0 0 0 0)) L
((64 32 128 2) (8 8 4 0) (4 2 4 0) (0 0 0 0)) L
((64 32 128 2) (16 4 4 0) (4 2 4 0) (0 0 0 0)) U
((64 32 128 2) (16 4 8 0) (4 2 2 0) (0 0 0 0)) L
((64 32 128 2) (16 4 8 0) (4 4 0 4) (0 0 0 0)) U
((64 32 128 2) (16 8 8 4) (4 0 0 0) (0 0 4 0)) L
((64 32 128 2) (16 16 4 0) (4 0 0 0) (4 4 0 0)) R
((64 32 128 2) (0 0 32 4) (0 0 0 4) (0 4 0 8)) U
((64 32 128 2) (0 4 32 8) (4 0 0 8) (0 0 0 0)) L
((64 32 128 2) (4 32 8 0) (4 8 0 0) (0 0 4 0)) U
((64 64 128 2) (8 8 8 0) (0 0 4 0) (0 4 0 0)) L
((128 128 2 0) (16 8 0 0) (4 0 4 0) (4 0 0 0)) R
((0 0 256 2) (0 0 16 8) (0 0 0 8) (2 0 0 4)) U
((2 0 256 2) (0 0 16 16) (0 0 0 4) (0 0 4 0)) L
((2 256 2 0) (32 0 0 0) (4 0 0 0) (4 0 0 2)) L
((2 256 2 4) (32 0 0 0) (4 0 0 0) (4 2 0 0)) D
((0 0 0 0) (2 0 0 0) (32 256 0 4) (8 2 2 4)) L
((0 4 0 0) (2 0 0 0) (32 256 4 0) (8 4 4 0)) L
((4 0 0 2) (2 0 0 0) (32 256 4 0) (8 8 0 0)) R
((0 0 4 2) (2 0 0 2) (0 32 256 4) (0 0 0 16)) L
((4 2 0 0) (4 0 0 4) (32 256 4 0) (16 0 0 0)) U
((8 2 4 4) (32 256 0 0) (16 0 0 4) (0 0 0 0)) L
((8 2 8 0) (32 256 0 0) (16 4 0 0) (0 0 4 0)) D
((0 0 0 0) (8 2 0 4) (32 256 8 0) (16 4 4 0)) R
((0 0 4 0) (0 8 2 4) (0 32 256 8) (0 0 16 8)) D
((0 4 4 0) (0 0 2 0) (0 8 256 4) (0 32 16 16)) L
((8 0 0 0) (2 2 0 0) (8 256 4 0) (32 32 0 0)) R
((0 0 0 8) (0 0 0 4) (0 8 256 4) (0 0 4 64)) U
((4 8 256 8) (0 0 4 8) (0 0 0 64) (0 0 0 0)) L
((4 8 256 8) (4 8 0 0) (64 4 0 0) (0 0 0 0)) U
((8 16 256 8) (64 4 0 0) (0 0 0 2) (0 0 0 0)) L
((8 16 256 8) (64 4 0 0) (2 0 0 0) (4 0 0 0)) D
((8 0 0 4) (64 0 0 0) (2 16 0 0) (4 4 256 8)) R
((0 0 8 4) (0 4 0 64) (0 0 2 16) (0 8 256 8)) R
((0 4 8 4) (0 0 4 64) (0 0 2 16) (0 8 256 8)) L
((4 8 4 0) (4 64 0 0) (2 16 0 4) (8 256 8 0)) L
((4 8 4 0) (4 64 2 0) (2 16 4 0) (8 256 8 0)) U
((8 8 4 0) (2 64 2 0) (8 16 4 0) (0 256 8 2)) U
((8 8 4 2) (2 64 2 0) (8 16 4 0) (0 256 8 4)) L
((16 4 2 4) (2 64 2 0) (8 16 4 0) (256 8 4 0)) D
((16 4 4 0) (2 64 2 0) (8 16 2 0) (256 8 8 4)) L
((16 8 2 0) (2 64 2 0) (8 16 2 0) (256 16 4 0)) D
((16 0 4 0) (2 8 2 0) (8 64 4 0) (256 32 4 0)) L
((16 4 0 0) (2 8 2 4) (8 64 4 0) (256 32 4 0)) R
((4 0 16 4) (2 8 2 4) (0 8 64 4) (0 256 32 4)) U
((4 16 16 8) (2 256 2 4) (4 0 64 4) (0 0 32 0)) U
((4 16 16 8) (2 256 2 8) (4 0 64 0) (0 0 32 2)) R
((0 4 32 8) (2 256 2 8) (0 0 4 64) (4 0 32 2)) L
((4 32 8 4) (2 256 2 8) (4 64 0 0) (4 32 2 0)) U
((4 32 8 4) (2 256 4 8) (8 64 2 0) (0 32 0 0)) D
((0 32 2 0) (4 256 8 0) (2 64 4 4) (8 32 2 8)) L
((32 2 0 4) (4 256 8 0) (2 64 8 0) (8 32 2 8)) U
((32 2 16 4) (4 256 2 8) (2 64 0 0) (8 32 4 0)) R
((32 2 16 4) (4 256 2 8) (0 0 2 64) (2 8 32 4)) L
((32 2 16 4) (4 256 2 8) (2 64 0 4) (2 8 32 4)) U
((32 2 16 4) (4 256 2 8) (4 64 32 8) (4 8 0 0)) D
((4 2 0 0) (32 256 16 0) (4 64 2 4) (8 8 32 16)) L
((4 2 0 0) (32 256 16 0) (4 64 2 4) (16 32 16 4)) U
((4 2 16 8) (32 256 2 0) (4 64 16 2) (16 32 0 0)) R
((4 2 16 8) (0 32 256 2) (4 64 16 2) (0 4 16 32)) U
((8 2 16 8) (0 32 256 4) (0 64 32 32) (0 4 2 0)) L
((8 2 16 8) (32 256 4 0) (64 64 0 4) (4 2 0 0)) U
((8 2 16 8) (32 256 4 4) (64 64 2 0) (4 2 0 0)) R
((8 2 16 8) (2 32 256 8) (0 0 128 2) (0 0 4 2)) L
((8 2 16 8) (2 32 256 8) (128 2 0 0) (4 2 0 4)) D
((8 0 4 0) (2 2 0 0) (128 32 16 16) (4 4 256 4)) R
((0 0 8 4) (0 0 0 4) (2 128 32 32) (0 8 256 4)) U
((2 128 8 8) (4 8 32 32) (0 0 256 4) (0 0 0 0)) L
((2 128 16 0) (4 8 64 0) (256 4 0 0) (0 0 4 0)) U
((2 128 16 0) (4 8 64 4) (256 4 4 0) (0 0 0 0)) L
((2 128 16 4) (4 8 64 4) (256 8 0 0) (0 0 0 0)) U
((2 128 16 8) (4 16 64 0) (256 0 4 0) (0 0 0 0)) L
((2 128 16 8) (4 16 64 0) (256 4 0 0) (0 0 0 4)) L
((2 128 16 8) (4 16 64 0) (256 4 0 0) (4 0 0 4)) L
((2 128 16 8) (4 16 64 2) (256 4 0 0) (8 0 0 0)) D
((2 0 0 0) (4 128 0 4) (256 16 16 8) (8 4 64 2)) L
((2 0 2 0) (4 128 4 0) (256 32 8 0) (8 4 64 2)) R
((0 0 0 4) (2 4 128 4) (0 256 32 8) (8 4 64 2)) U
((2 4 128 8) (8 256 32 8) (4 4 64 2) (0 0 0 0)) L
((2 4 128 8) (8 256 32 8) (8 64 2 0) (0 0 4 0)) L
((2 4 128 8) (8 256 32 8) (8 64 2 0) (4 0 4 0)) L
((2 4 128 8) (8 256 32 8) (8 64 2 0) (8 0 4 0)) L
((2 4 128 8) (8 256 32 8) (8 64 2 4) (8 4 0 0)) R
((2 4 128 8) (8 256 32 8) (8 64 2 4) (4 0 8 4)) U
((2 4 128 16) (16 256 32 4) (4 64 2 4) (0 4 8 0)) D
((0 4 128 0) (2 256 32 4) (16 64 2 16) (4 4 8 8)) L
((4 128 2 0) (2 256 32 4) (16 64 2 16) (8 8 8 0)) L
((4 128 2 0) (2 256 32 4) (16 64 2 16) (16 8 0 4)) L
((4 128 2 4) (2 256 32 4) (16 64 2 16) (16 8 4 0)) U
((4 128 2 8) (2 256 32 16) (32 64 2 0) (0 8 4 4)) L
((4 128 2 8) (2 256 32 16) (32 64 2 0) (8 8 0 2)) L
((4 128 2 8) (2 256 32 16) (32 64 2 0) (16 2 4 0)) D
((4 128 2 0) (2 256 32 4) (32 64 2 8) (16 2 4 16)) U
((4 128 2 4) (2 256 32 8) (32 64 2 16) (16 2 4 4)) L
