((0 0 0 0) (0 0 0 0) (0 2 0 0) (0 0 0 2)) L
((0 0 0 4) (0 0 0 0) (2 0 0 0) (2 0 0 0)) U
((4 0 0 4) (0 0 0 0) (0 0 0 0) (0 0 0 2)) L
((8 0 0 0) (0 0 2 0) (0 0 0 0) (2 0 0 0)) L
((8 0 0 0) (2 0 2 0) (0 0 0 0) (2 0 0 0)) L
((8 0 0 0) (4 0 0 0) (0 0 0 0) (2 0 4 0)) R
((0 0 0 8) (4 0 0 4) (0 0 0 0) (0 0 2 4)) L
((8 0 0 0) (8 0 0 2) (0 0 0 0) (2 4 0 0)) U
((16 4 0 2) (2 0 0 0) (0 0 0 0) (4 0 0 0)) D
((0 0 0 0) (16 0 0 0) (2 0 0 4) (4 4 0 2)) U
((16 4 0 4) (2 0 0 2) (4 0 0 0) (0 2 0 0)) R
((0 0 16 8) (0 0 4 4) (0 0 0 4) (0 0 0 2)) U
((0 0 16 8) (0 0 4 8) (0 0 4 2) (0 0 0 0)) U
((0 0 16 16) (0 4 8 2) (0 0 0 0) (0 0 0 0)) L
((32 0 0 0) (4 8 2 0) (0 4 0 0) (0 0 0 0)) L
((32 0 0 0) (4 8 2 0) (4 0 0 0) (0 2 0 0)) D
((4 0 0 0) (0 0 0 0) (32 8 0 0) (8 2 2 0)) R
((0 0 4 4) (0 0 0 0) (0 0 32 8) (0 0 8 4)) R
((0 4 0 8) (0 0 0 0) (0 0 32 8) (0 0 8 4)) L
((4 8 0 4) (0 0 0 0) (32 8 0 0) (8 4 0 0)) D
((4 0 0 0) (4 0 0 0) (32 16 0 0) (8 4 0 4)) L
((4 0 0 0) (4 4 0 0) (32 16 0 0) (8 8 0 0)) R
((0 0 0 4) (0 0 0 8) (0 4 32 16) (0 0 0 16)) D
((0 0 0 0) (0 0 0 4) (0 4 0 8) (0 4 32 32)) L
((0 0 4 0) (4 0 0 0) (4 8 0 0) (4 64 0 0)) U
((8 8 4 0) (4 64 0 0) (0 0 0 0) (0 4 0 0)) L
((16 4 0 0) (4 64 4 0) (0 0 0 0) (4 0 0 0)) U
((16 4 4 0) (8 64 0 0) (0 0 0 0) (0 0 2 0)) L
((16 8 0 0) (8 64 0 4) (0 0 0 0) (2 0 0 0)) D
((0 0 0 0) (16 0 0 0) (8 8 0 0) (2 64 4 4)) L
((0 0 0 0) (16 0 0 0) (16 0 2 0) (2 64 8 0)) L
((4 0 0 0) (16 0 0 0) (16 2 0 0) (2 64 8 0)) U
((4 2 8 0) (32 64 0 0) (2 0 0 0) (0 0 0 4)) L
((4 2 8 0) (32 64 0 2) (2 0 0 0) (4 0 0 0)) D
((4 0 0 4) (32 0 0 0) (2 2 0 0) (4 64 8 2)) L
((8 4 0 0) (32 0 0 0) (4 0 0 0) (4 64 8 2)) R
((0 0 8 4) (0 0 0 32) (0 0 4 4) (4 64 8 2)) R
((0 0 8 4) (0 0 0 32) (0 4 0 8) (4 64 8 2)) U
((4 4 16 4) (0 64 0 32) (0 0 0 8) (0 4 0 2)) D
((0 4 0 4) (0 4 0 32) (0 64 0 8) (4 4 16 2)) L
((8 0 4 0) (4 32 0 0) (64 8 0 0) (8 16 2 0)) R
((0 0 8 4) (4 0 4 32) (0 0 64 8) (0 8 16 2)) L
((8 4 0 2) (8 32 0 0) (64 8 0 0) (8 16 2 0)) U
((16 4 2 2) (64 32 4 0) (8 8 0 0) (0 16 0 0)) L
((16 4 4 0) (64 32 4 0) (16 0 0 0) (16 0 0 4)) D
((0 0 0 0) (16 0 0 0) (64 4 2 0) (32 32 8 4)) L
((0 0 0 0) (16 4 0 0) (64 4 2 0) (64 8 4 0)) U
((16 8 2 0) (128 8 4 0) (0 0 4 0) (0 0 0 0)) U
((16 16 2 0) (128 0 8 0) (0 0 4 0) (0 0 0 0)) L
((32 2 0 0) (128 8 0 0) (4 2 0 0) (0 0 0 0)) D
((0 0 0 4) (32 2 0 0) (128 8 0 0) (4 2 0 0)) L
((4 0 0 0) (32 2 0 0) (128 8 0 2) (4 2 0 0)) U
((4 2 0 2) (32 8 0 0) (128 2 0 0) (4 0 4 0)) L
((4 4 0 0) (32 8 0 0) (128 2 4 0) (8 0 0 0)) R
((0 4 0 8) (0 0 32 8) (0 128 2 4) (0 0 0 8)) L
((4 8 0 0) (32 8 0 0) (128 2 4 0) (8 0 0 2)) L
((4 8 0 0) (32 8 0 0) (128 2 4 0) (8 2 0 4)) L
((4 8 0 0) (32 8 0 0) (128 2 4 2) (8 2 4 0)) U
((4 16 8 2) (32 2 0 2) (128 2 0 0) (8 0 0 0)) U
((4 16 8 4) (32 4 0 0) (128 0 0 4) (8 0 0 0)) U
((4 16 8 8) (32 4 0 0) (128 0 0 0) (8 0 2 0)) L
((4 16 16 4) (32 4 0 0) (128 0 0 0) (8 2 0 0)) R
((0 4 32 4) (0 0 32 4) (0 0 2 128) (0 0 8 2)) U
((0 4 64 8) (0 0 2 128) (4 0 8 2) (0 0 0 0)) D
((0 0 0 0) (0 2 64 8) (0 0 2 128) (4 4 8 2)) L
((0 0 4 0) (2 64 8 0) (2 128 0 0) (8 8 2 0)) L
((4 4 0 0) (2 64 8 0) (2 128 0 0) (16 2 0 0)) R
((2 0 0 8) (0 2 64 8) (0 0 2 128) (0 0 16 2)) U
((2 2 64 16) (0 0 2 128) (0 0 16 2) (0 0 0 4)) D
((0 4 0 16) (0 0 64 128) (0 0 2 2) (2 2 16 4)) R
((0 0 4 16) (0 2 64 128) (0 0 0 4) (0 4 16 4)) L
((4 16 0 0) (2 64 128 0) (4 0 0 0) (4 16 4 4)) L
((4 16 0 0) (2 64 128 0) (4 0 0 0) (4 16 8 4)) R
((0 0 4 16) (2 2 64 128) (0 0 0 4) (4 16 8 4)) D
((0 4 0 0) (0 0 4 16) (2 2 64 128) (4 16 8 8)) L
((4 0 0 0) (4 16 4 0) (4 64 128 0) (4 16 16 0)) R
((0 0 0 4) (0 4 16 4) (4 4 64 128) (0 0 4 32)) L
((4 0 0 0) (4 16 4 0) (8 64 128 0) (4 32 4 0)) U
((8 16 4 0) (8 64 128 0) (4 32 4 0) (0 4 0 0)) U
((16 16 4 0) (4 64 128 4) (0 32 4 0) (0 4 0 0)) R
((0 0 32 4) (4 64 128 4) (4 0 32 4) (0 0 0 4)) U
((8 64 32 8) (0 0 128 4) (0 0 32 4) (0 0 4 0)) U
((8 64 32 8) (0 0 128 8) (0 0 32 0) (0 4 4 0)) R
((8 64 32 8) (0 0 128 8) (0 0 4 32) (0 0 0 8)) U
((8 64 32 16) (0 0 128 32) (0 0 4 8) (2 0 0 0)) U
((8 64 32 16) (2 0 128 32) (0 0 4 8) (0 0 4 0)) L
((8 64 32 16) (2 128 32 0) (4 8 0 0) (4 0 0 2)) U
((8 64 64 16) (2 128 4 2) (8 8 0 0) (0 0 0 0)) L
((8 128 16 0) (2 128 4 2) (16 0 0 4) (0 0 0 0)) U
((8 256 16 2) (2 0 4 4) (16 0 0 0) (0 2 0 0)) R
((8 256 16 2) (0 0 2 8) (0 0 0 16) (4 0 0 2)) D
((0 0 0 2) (2 0 0 8) (8 0 16 16) (4 256 2 2)) L
((2 0 0 0) (2 8 0 4) (8 32 0 0) (4 256 4 0)) R
((0 4 0 2) (0 2 8 4) (0 0 8 32) (0 4 256 4)) D
((0 0 0 2) (0 4 4 4) (0 2 16 32) (0 4 256 4)) U
((0 4 4 2) (0 2 16 4) (4 4 256 32) (0 0 0 4)) L
((8 2 0 0) (2 16 4 0) (8 256 32 0) (4 0 4 0)) L
((8 2 0 0) (2 16 4 0) (8 256 32 0) (8 0 4 0)) L
((8 2 0 4) (2 16 4 0) (8 256 32 0) (8 4 0 0)) U
((8 2 4 4) (2 16 32 0) (16 256 0 0) (4 4 0 0)) R
((0 8 2 8) (0 2 16 32) (0 0 16 256) (4 0 0 8)) U
((4 8 2 8) (4 2 32 32) (0 0 0 256) (0 0 0 8)) U
((8 8 2 8) (0 2 32 32) (2 0 0 256) (0 0 0 8)) L
((16 2 8 0) (2 64 2 0) (2 256 0 0) (8 0 0 0)) U
((16 2 8 0) (4 64 2 2) (8 256 0 0) (0 0 0 0)) L
((16 2 8 0) (4 64 4 0) (8 256 0 4) (0 0 0 0)) L
((16 2 8 0) (4 64 4 0) (8 256 4 0) (4 0 0 0)) U
((16 2 8 0) (4 64 8 0) (8 256 0 0) (4 0 0 4)) L
((16 2 8 0) (4 64 8 4) (8 256 0 0) (8 0 0 0)) U
((16 2 16 4) (4 64 2 0) (16 256 0 0) (0 0 0 0)) D
((0 0 0 0) (16 2 0 0) (4 64 16 2) (16 256 2 4)) R
((0 0 4 0) (0 0 16 2) (4 64 16 2) (16 256 2 4)) D
((0 0 0 0) (0 4 4 0) (4 64 32 4) (16 256 2 4)) U
((4 4 4 8) (16 64 32 0) (2 256 2 0) (0 0 0 0)) R
((0 4 8 8) (0 16 64 32) (0 2 256 2) (0 4 0 0)) L
((4 16 0 0) (16 64 32 0) (2 256 2 0) (4 0 4 0)) D
((4 0 2 0) (16 16 32 0) (2 64 2 0) (4 256 4 0)) L
((4 2 0 0) (32 32 0 0) (2 64 2 2) (4 256 4 0)) L
((4 2 0 0) (64 0 4 0) (2 64 4 0) (4 256 4 0)) U
((4 2 8 4) (64 64 4 0) (2 256 0 0) (4 0 0 0)) R
((4 2 8 4) (0 4 128 4) (0 0 2 256) (0 0 0 4)) D
((0 0 0 0) (4 0 8 8) (0 2 128 256) (4 4 2 4)) L
((0 0 2 0) (4 16 0 0) (2 128 256 0) (8 2 4 0)) L
((2 0 0 0) (4 16 4 0) (2 128 256 0) (8 2 4 0)) U
((2 16 4 0) (4 128 256 0) (2 2 4 0) (8 0 0 2)) L
((2 16 4 0) (4 128 256 0) (4 4 4 0) (8 2 0 0)) L
((2 16 4 2) (4 128 256 0) (8 4 0 0) (8 2 0 0)) D
((0 16 0 4) (2 128 0 0) (4 4 4 0) (16 2 256 2)) D
((0 16 0 0) (2 128 0 4) (4 4 4 4) (16 2 256 2)) L
((16 0 4 0) (2 128 4 0) (8 4 4 0) (16 2 256 2)) L
((16 4 0 0) (2 128 4 4) (8 8 0 0) (16 2 256 2)) L
((16 4 0 0) (2 128 8 2) (16 0 0 0) (16 2 256 2)) D
((4 0 0 0) (16 4 0 0) (2 128 8 0) (32 2 256 4)) U
((4 4 8 4) (16 128 256 0) (2 2 0 0) (32 0 0 4)) L
((8 8 4 0) (16 128 256 0) (4 0 0 2) (32 4 0 0)) L
((16 4 0 0) (16 128 256 0) (4 2 4 0) (32 4 0 0)) D
((0 4 0 0) (32 128 4 0) (4 2 256 0) (32 4 4 0)) R
((0 0 4 4) (0 32 128 4) (0 4 2 256) (0 0 32 8)) L
((8 0 0 0) (32 128 4 0) (4 2 256 2) (32 8 0 0)) U
((8 128 4 2) (32 2 256 0) (4 8 0 2) (32 0 0 0)) U
((8 128 4 4) (32 2 256 0) (4 8 0 0) (32 0 4 0)) R
((0 8 128 8) (4 32 2 256) (0 0 4 8) (0 0 32 4)) D
((0 0 128 8) (2 0 2 256) (0 8 4 8) (4 32 32 4)) R
((0 0 128 8) (0 0 4 256) (4 8 4 8) (0 4 64 4)) D
((4 0 0 8) (0 0 128 256) (0 8 8 8) (4 4 64 4)) U
((8 8 128 8) (0 4 8 256) (0 4 64 8) (0 0 0 4)) U
((8 8 128 8) (0 8 8 256) (4 0 64 8) (0 0 0 4)) L
((16 128 8 0) (16 256 0 0) (4 64 8 0) (4 4 0 0)) L
((16 128 8 0) (16 256 0 0) (4 64 8 0) (8 0 4 0)) L
((16 128 8 0) (16 256 0 0) (4 64 8 0) (8 4 4 0)) L
((16 128 8 4) (16 256 0 0) (4 64 8 0) (8 8 0 0)) D
((0 128 0 0) (32 256 0 4) (4 64 0 0) (8 8 16 4)) L
((128 0 0 0) (32 256 4 0) (4 64 4 0) (16 16 4 0)) L
((128 0 0 0) (32 256 4 0) (4 64 4 0) (32 4 4 0)) L
((128 0 4 0) (32 256 4 0) (4 64 4 0) (32 8 0 0)) D
((128 0 0 0) (32 256 0 0) (4 64 4 4) (32 8 8 0)) L
((128 0 0 0) (32 256 4 0) (4 64 8 0) (32 16 0 0)) U
((128 256 4 0) (32 64 8 4) (4 16 0 0) (32 0 0 0)) U
((128 256 4 4) (32 64 8 0) (4 16 0 0) (32 0 0 4)) R
((0 128 256 8) (4 32 64 8) (0 0 4 16) (0 0 32 4)) D
((0 0 256 0) (0 2 64 16) (0 128 4 16) (4 32 32 4)) L
((256 0 0 0) (2 64 16 0) (128 4 16 0) (4 64 4 4)) L
((256 0 2 0) (2 64 16 0) (128 4 16 0) (4 64 8 0)) R
((0 0 256 2) (4 2 64 16) (0 128 4 16) (0 4 64 8)) U
((4 2 256 2) (4 128 64 32) (0 4 4 8) (0 0 64 0)) L
((4 2 256 2) (4 128 64 32) (8 8 0 0) (64 0 0 4)) R
((4 2 256 2) (4 128 64 32) (0 0 0 16) (0 2 64 4)) U
((8 2 256 2) (0 128 128 32) (0 2 0 16) (2 0 0 4)) R
((8 2 256 2) (0 0 256 32) (0 4 2 16) (0 0 2 4)) U
((8 2 512 2) (0 4 2 32) (4 0 2 16) (0 0 0 4)) L
((8 2 512 2) (4 2 32 0) (4 2 16 0) (4 4 0 0)) U
((8 4 512 2) (8 2 32 0) (4 4 16 0) (0 4 0 0)) U
((16 4 512 2) (4 2 32 4) (0 8 16 0) (0 0 0 0)) L
((16 4 512 2) (4 2 32 4) (8 16 0 0) (0 0 4 0)) D
((0 0 0 0) (16 4 512 4) (4 2 32 2) (8 16 4 4)) L
((0 0 4 0) (16 4 512 4) (4 2 32 2) (8 16 8 0)) U
((16 4 4 4) (4 2 512 2) (8 16 32 0) (0 0 8 2)) L
((16 8 4 0) (4 2 512 2) (8 16 32 4) (8 2 0 0)) U
((16 8 4 2) (4 2 512 4) (16 16 32 0) (2 2 0 0)) L
((16 8 4 2) (4 2 512 4) (32 32 0 0) (4 0 4 0)) L
((16 8 4 2) (4 2 512 4) (64 0 0 0) (8 4 0 0)) U
((16 8 4 2) (4 2 512 4) (64 4 0 0) (8 0 4 0)) L
((16 8 4 2) (4 2 512 4) (64 4 4 0) (8 4 0 0)) D
((16 0 4 0) (4 8 4 0) (64 2 512 2) (8 8 4 4)) D
((16 0 0 4) (4 8 8 0) (64 2 512 2) (8 8 4 4)) L
((16 4 0 4) (4 16 0 0) (64 2 512 2) (16 4 4 0)) L
((16 8 0 0) (4 16 0 0) (64 2 512 2) (16 8 0 4)) D
((16 8 0 0) (4 16 4 0) (64 2 0 2) (16 8 512 4)) R
((0 0 16 8) (0 4 16 4) (2 0 64 4) (16 8 512 4)) U
((2 4 32 8) (16 8 64 8) (0 2 512 4) (0 0 0 0)) L
((2 4 32 8) (16 8 64 8) (2 512 4 0) (0 4 0 0)) D
((4 4 0 0) (2 8 32 0) (16 512 64 0) (2 4 4 16)) L
((8 0 0 0) (2 8 32 2) (16 512 64 0) (2 8 16 0)) U
((8 8 32 2) (2 512 64 0) (16 8 16 0) (2 0 4 0)) L
((16 32 2 0) (2 512 64 0) (16 8 16 4) (2 4 0 0)) R
((4 16 32 2) (0 2 512 64) (16 8 16 4) (0 0 2 4)) U
((4 16 32 2) (16 2 512 64) (0 8 16 8) (4 0 2 0)) L
((4 16 32 2) (16 2 512 64) (8 16 8 4) (4 2 0 0)) D
((4 16 2 0) (16 2 32 2) (8 16 512 64) (4 2 8 4)) U
((4 16 2 2) (16 2 32 64) (8 16 512 4) (4 2 8 4)) D
((4 16 2 4) (16 2 32 2) (8 16 512 64) (4 2 8 8)) R
((4 16 2 4) (16 2 32 2) (8 16 512 64) (4 4 2 16)) L
((4 16 2 4) (16 2 32 2) (8 16 512 64) (8 2 16 4)) D
((4 16 2 4) (4 2 32 2) (16 16 512 64) (16 2 16 4)) D
((4 16 2 4) (4 2 32 2) (4 16 512 64) (32 2 16 4)) U
((8 16 2 4) (4 2 32 2) (32 16 512 64) (2 2 16 4)) L
((8 16 2 4) (4 2 32 2) (32 16 512 64) (4 16 4 4)) U
((8 16 2 4) (4 2 32 2) (32 32 512 64) (4 4 4 4)) L
((8 16 2 4) (4 2 32 2) (64 512 64 4) (8 4 4 0)) L
((8 16 2 4) (4 2 32 2) (64 512 64 4) (8 8 4 0)) R
((8 16 2 4) (4 2 32 2) (64 512 64 4) (0 2 16 4)) D
((2 16 2 0) (8 2 32 4) (4 512 64 2) (64 2 16 8)) R
((2 2 16 2) (8 2 32 4) (4 512 64 2) (64 2 16 8)) L
((4 16 2 4) (8 2 32 4) (4 512 64 2) (64 2 16 8)) U
((4 16 2 8) (8 2 32 2) (4 512 64 8) (64 2 16 2))
