((0 0 0 0) (0 0 0 0) (0 2 0 0) (0 0 0 2)) L
((0 0 0 4) (0 0 0 0) (2 0 0 0) (2 0 0 0)) U
((4 0 0 4) (0 0 0 0) (0 0 0 0) (0 0 0 2)) L
((8 0 0 0) (0 0 2 0) (0 0 0 0) (2 0 0 0)) L
((8 0 0 0) (2 0 2 0) (0 0 0 0) (2 0 0 0)) L
((8 0 0 0) (4 0 0 0) (0 0 0 0) (2 0 4 0)) R
((0 0 0 8) (4 0 0 4) (0 0 0 0) (0 0 2 4)) L
((8 0 0 0) (8 0 0 2) (0 0 0 0) (2 4 0 0)) U
((16 4 0 2) (2 0 0 0) (0 0 0 0) (4 0 0 0)) D
((0 0 0 0) (16 0 0 0) (2 0 0 4) (4 4 0 2)) L
((0 0 0 4) (16 0 0 0) (2 4 0 0) (8 2 0 0)) U
((16 4 0 4) (2 2 0 0) (8 0 0 4) (0 0 0 0)) R
((0 0 16 8) (0 0 0 4) (0 0 8 4) (0 4 0 0)) U
((0 4 16 8) (0 4 8 8) (0 0 0 0) (0 0 0 0)) U
((4 8 16 16) (0 0 8 0) (0 0 0 0) (0 0 0 0)) L
((4 8 32 0) (8 0 0 0) (0 0 0 0) (0 0 2 0)) D
((0 0 0 0) (0 4 0 0) (4 0 32 0) (8 8 2 0)) L
((2 0 0 0) (4 0 0 0) (4 32 0 0) (16 2 0 0)) U
((2 32 0 0) (8 2 0 0) (16 0 0 0) (0 0 0 4)) L
((2 32 4 0) (8 2 0 0) (16 0 0 0) (4 0 0 0)) D
((2 0 0 0) (8 0 0 0) (16 32 0 0) (4 2 4 4)) L
((2 4 0 0) (8 0 0 0) (16 32 0 0) (4 2 8 0)) U
((2 4 8 0) (8 32 0 0) (16 2 0 4) (4 0 0 0)) U
((2 4 8 4) (8 32 0 0) (16 2 0 0) (4 0 0 4)) R
((2 4 8 4) (0 0 8 32) (4 0 16 2) (0 0 0 8)) U
((2 4 16 4) (4 0 16 32) (2 0 0 2) (0 0 0 8)) U
((2 4 32 4) (4 4 0 32) (2 0 0 2) (0 0 0 8)) L
((2 4 32 4) (8 32 0 0) (4 0 0 4) (8 0 0 0)) D
((2 0 0 0) (8 0 0 0) (4 4 0 4) (8 32 32 8)) L
((2 0 0 0) (8 0 0 0) (8 4 0 0) (8 64 8 4)) D
((0 0 0 0) (2 0 0 0) (8 4 0 4) (16 64 8 4)) L
((0 0 0 0) (2 0 4 0) (8 8 0 0) (16 64 8 4)) L
((0 0 0 0) (2 4 0 0) (16 0 2 0) (16 64 8 4)) U
((2 4 2 4) (32 64 8 0) (0 0 0 0) (2 0 0 0)) D
((0 0 0 0) (2 0 0 4) (32 4 2 0) (2 64 8 4)) D
((0 0 0 0) (2 0 0 2) (32 4 2 0) (2 64 8 8)) L
((0 0 0 4) (4 0 0 0) (32 4 2 0) (2 64 16 0)) L
((4 4 0 0) (4 0 0 0) (32 4 2 0) (2 64 16 0)) U
((8 8 2 0) (32 64 16 0) (2 0 0 4) (0 0 0 0)) L
((16 2 0 0) (32 64 16 0) (2 4 4 0) (0 0 0 0)) L
((16 2 0 0) (32 64 16 0) (2 8 0 0) (0 0 4 0)) R
((0 4 16 2) (0 32 64 16) (0 0 2 8) (0 0 0 4)) D
((0 0 4 2) (0 0 16 16) (0 4 64 8) (0 32 2 4)) R
((0 0 4 2) (4 0 0 32) (0 4 64 8) (0 32 2 4)) L
((4 2 0 2) (4 32 0 0) (4 64 8 0) (32 2 4 0)) U
((8 2 8 2) (4 32 4 0) (32 64 0 0) (4 2 0 0)) R
((8 2 8 2) (0 4 32 4) (4 0 32 64) (0 0 4 2)) D
((0 0 0 2) (0 4 8 4) (8 2 64 64) (4 4 4 2)) L
((2 0 0 0) (4 8 4 4) (8 2 128 0) (8 4 2 0)) U
((2 8 4 4) (4 2 128 0) (16 4 2 0) (2 0 0 0)) R
((0 2 8 8) (0 4 2 128) (0 16 4 2) (0 0 4 2)) R
((0 0 2 16) (0 4 2 128) (4 16 4 2) (0 0 4 2)) D
((0 4 0 0) (0 0 2 16) (0 4 2 128) (4 16 8 4)) U
((4 8 4 16) (0 16 8 128) (0 2 0 4) (0 0 0 0)) L
((4 8 4 16) (16 8 128 0) (2 4 0 0) (0 4 0 0)) U
((4 16 4 16) (16 4 128 0) (2 4 0 0) (0 0 0 4)) D
((0 0 4 0) (4 0 0 0) (16 16 4 16) (2 8 128 4)) L
((4 4 0 0) (4 0 0 0) (32 4 16 0) (2 8 128 4)) U
((8 8 16 4) (32 8 128 0) (2 0 0 0) (0 0 2 0)) U
((8 16 16 4) (32 0 128 0) (2 0 2 0) (4 0 0 0)) R
((4 8 32 4) (0 0 32 128) (0 0 0 4) (0 0 0 4)) U
((4 8 64 4) (0 0 0 128) (0 0 0 8) (4 0 0 0)) U
((8 8 64 4) (0 0 0 128) (4 0 0 8) (0 0 0 0)) L
((16 64 4 0) (128 0 0 0) (4 8 0 4) (0 0 0 0)) L
((16 64 4 0) (128 2 0 0) (4 8 4 0) (0 0 0 0)) D
((0 0 4 0) (16 64 0 0) (128 2 0 0) (4 8 8 0)) L
((4 4 0 0) (16 64 0 0) (128 2 0 0) (4 16 0 0)) L
((8 0 0 0) (16 64 0 4) (128 2 0 0) (4 16 0 0)) L
((8 0 0 0) (16 64 4 0) (128 2 0 0) (4 16 0 4)) L
((8 2 0 0) (16 64 4 0) (128 2 0 0) (4 16 4 0)) U
((8 2 8 0) (16 64 0 2) (128 2 0 0) (4 16 0 0)) R
((0 8 2 8) (4 16 64 2) (0 0 128 2) (0 0 4 16)) D
((0 2 2 0) (0 0 64 8) (0 8 128 4) (4 16 4 16)) L
((4 0 0 0) (64 8 0 0) (8 128 4 4) (4 16 4 16)) U
((4 8 8 4) (64 128 2 16) (8 16 0 0) (4 0 0 0)) R
((0 4 16 4) (64 128 2 16) (0 0 8 16) (2 0 0 4)) D
((0 0 0 0) (0 4 16 4) (64 4 2 32) (2 128 8 4)) U
((64 8 16 4) (2 128 2 32) (0 0 8 4) (4 0 0 0)) R
((64 8 16 4) (2 128 2 32) (0 4 8 4) (0 0 0 4)) U
((64 8 16 4) (2 128 2 32) (0 4 8 8) (0 4 0 0)) L
((64 8 16 4) (2 128 2 32) (4 16 0 0) (4 0 0 4)) L
((64 8 16 4) (2 128 2 32) (4 16 0 0) (8 0 0 4)) L
((64 8 16 4) (2 128 2 32) (4 16 0 0) (8 4 0 2)) D
((64 8 0 4) (2 128 0 4) (4 16 16 32) (8 4 2 2)) L
((64 8 4 0) (2 128 4 0) (4 32 32 4) (8 4 4 0)) L
((64 8 4 0) (2 128 4 0) (4 64 4 0) (8 8 0 2)) L
((64 8 4 0) (2 128 4 4) (4 64 4 0) (16 2 0 0)) U
((64 8 8 4) (2 128 4 0) (4 64 0 4) (16 2 0 0)) L
((64 16 4 0) (2 128 4 0) (4 64 4 0) (16 2 4 0)) U
((64 16 8 0) (2 128 4 4) (4 64 4 0) (16 2 0 0)) L
((64 16 8 0) (2 128 8 0) (4 64 4 2) (16 2 0 0)) U
((64 16 16 2) (2 128 4 0) (4 64 0 0) (16 2 0 2)) L
((64 32 2 0) (2 128 4 2) (4 64 0 0) (16 4 0 0)) R
((0 64 32 2) (2 128 4 2) (0 4 4 64) (0 0 16 4)) U
((2 64 32 4) (0 128 8 64) (0 4 16 4) (4 0 0 0)) L
((2 64 32 4) (128 8 64 0) (4 16 4 0) (4 0 0 4)) U
((2 64 32 8) (128 8 64 0) (8 16 4 0) (4 0 0 0)) D
((2 4 0 0) (128 64 32 0) (8 8 64 0) (4 16 4 8)) L
((2 4 0 0) (128 64 32 0) (16 64 0 2) (4 16 4 8)) U
((2 4 32 2) (128 128 4 8) (16 16 4 0) (4 0 0 0)) L
((2 4 32 2) (256 4 8 0) (32 4 0 0) (4 4 0 0)) D
((2 0 0 0) (256 4 4 0) (32 4 32 0) (4 8 8 2)) R
((0 0 2 2) (0 0 256 8) (0 32 4 32) (0 4 16 2)) R
((0 0 0 4) (4 0 256 8) (0 32 4 32) (0 4 16 2)) U
((4 32 256 4) (0 4 4 8) (4 0 16 32) (0 0 0 2)) U
((8 32 256 4) (0 4 4 8) (0 0 16 32) (4 0 0 2)) L
((8 32 256 4) (8 8 0 0) (16 32 0 4) (4 2 0 0)) U
((16 32 256 8) (16 8 0 0) (4 32 2 0) (0 2 0 0)) D
((0 32 4 0) (0 8 0 0) (32 32 256 0) (4 2 2 8)) L
((32 4 0 4) (8 0 0 0) (64 256 0 0) (4 4 8 0)) L
((32 8 0 0) (8 4 0 0) (64 256 0 0) (8 8 0 0)) L
((32 8 0 0) (8 4 0 0) (64 256 0 0) (16 0 4 0)) D
((32 0 0 0) (8 8 0 0) (64 4 2 0) (16 256 4 0)) L
((32 0 0 0) (16 2 0 0) (64 4 2 0) (16 256 4 0)) U
((32 2 2 0) (16 4 4 0) (64 256 0 0) (16 0 0 4)) L
((32 4 0 0) (16 8 0 0) (64 256 0 0) (16 4 0 4)) L
((32 4 0 0) (16 8 0 0) (64 256 0 2) (16 8 0 0)) L
((32 4 0 4) (16 8 0 0) (64 256 2 0) (16 8 0 0)) L
((32 8 0 0) (16 8 0 0) (64 256 2 0) (16 8 4 0)) D
((32 0 4 0) (16 16 0 0) (64 256 2 0) (16 8 4 0)) L
((32 4 0 0) (32 0 0 0) (64 256 2 2) (16 8 4 0)) U
((64 4 2 2) (64 256 4 0) (16 8 0 0) (4 0 0 0)) U
((128 4 2 2) (16 256 4 0) (4 8 0 0) (2 0 0 0)) L
((128 4 4 0) (16 256 4 2) (4 8 0 0) (2 0 0 0)) D
((128 0 0 0) (16 4 4 0) (4 256 0 0) (2 8 8 2)) L
((128 0 2 0) (16 8 0 0) (4 256 0 0) (2 16 2 0)) U
((128 8 4 0) (16 256 4 0) (4 16 0 0) (2 0 0 0)) U
((128 8 8 0) (16 256 4 0) (4 16 0 0) (2 0 0 0)) L
((128 16 0 0) (16 256 4 0) (4 16 0 0) (2 0 0 4)) D
((128 4 0 0) (16 16 0 0) (4 256 0 0) (2 16 4 4)) L
((128 4 0 4) (32 0 0 0) (4 256 0 0) (2 16 8 0)) L
((128 8 0 0) (32 0 0 0) (4 256 0 0) (2 16 8 4)) U
((128 8 8 4) (32 256 0 0) (4 16 0 0) (2 4 0 0)) L
((128 16 4 0) (32 256 0 0) (4 16 2 0) (2 4 0 0)) U
((128 16 4 0) (32 256 2 4) (4 16 0 0) (2 4 0 0)) R
((0 128 16 4) (32 256 2 4) (0 0 4 16) (4 0 2 4)) U
((32 128 16 8) (4 256 2 16) (4 0 4 4) (0 0 2 0)) R
((32 128 16 8) (4 256 2 16) (2 0 4 8) (0 0 0 2)) D
((0 0 0 8) (32 4 16 16) (4 128 2 8) (2 256 4 2)) L
((8 0 4 0) (32 4 32 0) (4 128 2 8) (2 256 4 2)) L
((8 4 4 0) (32 4 32 0) (4 128 2 8) (2 256 4 2)) L
((8 8 4 0) (32 4 32 0) (4 128 2 8) (2 256 4 2)) L
((16 4 2 0) (32 4 32 0) (4 128 2 8) (2 256 4 2)) U
((16 8 2 8) (32 128 32 2) (4 256 2 0) (2 0 4 4)) R
((16 8 2 8) (32 128 32 2) (0 4 256 2) (0 4 2 8)) U
((16 8 2 8) (32 128 32 4) (0 8 256 8) (4 0 2 0)) L
((16 8 2 8) (32 128 32 4) (8 256 8 4) (4 2 0 0)) U
((16 8 2 8) (32 128 32 8) (8 256 8 0) (4 2 0 4)) U
((16 8 2 16) (32 128 32 4) (8 256 8 0) (4 2 0 4)) D
((16 8 0 4) (32 128 2 0) (8 256 32 16) (4 2 8 8)) R
((4 16 8 4) (0 32 128 2) (8 256 32 16) (0 4 2 16)) U
((4 16 8 4) (8 32 128 2) (4 256 32 32) (0 4 2 0)) L
((4 16 8 4) (8 32 128 2) (4 256 64 0) (4 2 0 2)) U
((4 16 8 4) (8 32 128 4) (8 256 64 0) (4 2 0 0)) U
((4 16 8 8) (16 32 128 0) (4 256 64 4) (0 2 0 0)) L
((4 16 16 0) (16 32 128 0) (4 256 64 4) (2 0 4 0)) L
((4 32 0 0) (16 32 128 0) (4 256 64 4) (2 4 0 2)) U
((4 64 128 4) (16 256 64 2) (4 4 2 0) (2 0 0 0)) R
((4 64 128 4) (16 256 64 2) (2 0 8 2) (0 0 0 2)) D
((0 4 0 0) (4 0 128 4) (16 64 64 2) (2 256 8 4)) L
((4 0 0 0) (4 128 4 0) (16 128 2 4) (2 256 8 4)) U
((8 256 4 8) (16 256 2 0) (2 0 8 0) (0 0 0 4)) D
((0 0 0 0) (8 4 4 0) (16 0 2 8) (2 512 8 4)) L
((0 0 0 4) (8 8 0 0) (16 2 8 0) (2 512 8 4)) U
((8 8 16 8) (16 2 0 4) (2 512 0 0) (0 0 0 0)) R
((0 16 16 8) (0 16 2 4) (0 0 2 512) (0 0 4 0)) U
((0 32 16 8) (0 0 4 4) (4 0 4 512) (0 0 0 0)) R
((0 32 16 8) (0 0 0 8) (0 0 8 512) (0 0 4 0)) U
((0 32 16 16) (0 4 8 512) (0 0 4 0) (0 0 0 0)) L
((32 32 0 0) (4 8 512 0) (4 4 0 0) (0 0 0 0)) L
((64 0 0 0) (4 8 512 0) (8 0 0 0) (2 0 0 0)) U
((64 8 512 0) (4 0 4 0) (8 0 0 0) (2 0 0 0)) L
((64 8 512 0) (8 0 0 0) (8 0 0 0) (2 4 0 0)) U
((64 8 512 0) (16 4 0 2) (2 0 0 0) (0 0 0 0)) R
((0 64 8 512) (0 16 4 2) (0 2 0 2) (0 0 0 0)) U
((0 64 8 512) (0 16 4 4) (0 2 0 0) (0 0 0 4)) L
((64 8 512 0) (16 8 0 4) (2 0 0 0) (4 0 0 0)) U
((64 16 512 4) (16 0 0 0) (2 0 4 0) (4 0 0 0)) D
((64 0 4 0) (16 0 0 0) (2 0 512 0) (4 16 4 4)) L
((64 4 0 0) (16 0 0 0) (2 512 4 0) (4 16 8 0)) U
((64 4 4 4) (16 512 8 0) (2 16 0 0) (4 0 0 0)) R
((4 64 4 8) (0 16 512 8) (0 0 2 16) (0 0 0 4)) U
((4 64 4 16) (0 16 512 16) (0 4 2 4) (0 0 0 0)) D
((0 4 0 0) (0 64 4 0) (0 16 512 32) (4 4 2 4)) R
((0 0 2 4) (0 0 64 4) (0 16 512 32) (0 8 2 4)) U
((0 16 2 8) (0 8 64 32) (0 0 512 4) (0 4 2 0)) L
((16 2 8 0) (8 64 32 0) (512 4 0 0) (4 2 0 4)) R
((0 16 2 8) (0 8 64 32) (0 2 512 4) (0 4 2 4)) U
((0 16 2 8) (0 8 64 32) (0 2 512 8) (4 4 2 0)) L
((16 2 8 4) (8 64 32 0) (2 512 8 0) (8 2 0 0)) D
((16 2 0 4) (8 64 8 0) (2 512 32 0) (8 2 8 4)) U
((16 2 8 8) (8 64 32 4) (2 512 8 0) (8 2 0 0)) L
((16 2 16 0) (8 64 32 4) (2 512 8 0) (8 2 4 0)) D
((16 2 16 4) (8 64 32 0) (2 512 8 0) (8 2 4 4)) D
((16 2 16 4) (8 64 32 0) (2 512 8 0) (8 2 4 8)) R
((16 2 16 4) (4 8 64 32) (0 2 512 8) (8 2 4 8)) D
((0 4 16 0) (16 2 64 4) (4 8 512 32) (8 4 4 16)) L
((4 16 4 0) (16 2 64 4) (4 8 512 32) (8 8 16 0)) D
((4 2 4 0) (16 16 64 0) (4 2 512 4) (8 16 16 32)) R
((0 4 2 4) (0 4 32 64) (4 2 512 4) (0 8 32 32)) L
((4 2 4 2) (4 32 64 0) (4 2 512 4) (8 64 0 0)) D
((0 2 0 0) (4 32 4 4) (8 2 64 2) (8 64 512 4)) U
((4 2 4 4) (16 32 64 2) (0 2 512 4) (4 64 0 0)) L
((4 2 8 0) (16 32 64 2) (2 512 4 0) (4 64 4 0)) U
((4 2 8 2) (16 32 64 0) (2 512 8 2) (4 64 0 0)) U
((4 2 8 4) (16 32 64 4) (2 512 8 0) (4 64 0 0)) U
((4 2 8 8) (16 32 64 0) (2 512 8 0) (4 64 0 4)) L
((4 2 16 4) (16 32 64 0) (2 512 8 0) (4 64 4 0)) D
((4 2 16 4) (16 32 64 0) (2 512 8 0) (4 64 4 4)) R
((4 2 16 4) (0 16 32 64) (4 2 512 8) (0 4 64 8)) D
((0 2 16 0) (0 16 32 4) (4 2 512 64) (8 4 64 16)) L
((2 16 4 0) (16 32 4 0) (4 2 512 64) (8 4 64 16)) U
((2 16 8 64) (16 32 512 16) (4 2 64 4) (8 4 0 0)) R
((2 16 8 64) (16 32 512 16) (4 2 64 4) (0 2 8 4)) D
((4 0 8 0) (2 16 512 64) (16 32 64 16) (4 4 8 8)) R
((0 0 4 8) (2 16 512 64) (16 32 64 16) (2 4 4 16)) D
((4 0 4 0) (2 16 512 8) (16 32 64 64) (2 4 4 32)) R
((4 0 0 8) (2 16 512 8) (0 16 32 128) (0 2 8 32)) D
((2 0 0 0) (0 0 512 16) (4 32 32 128) (2 2 8 32)) L
((2 0 0 4) (512 16 0 0) (4 64 128 0) (4 8 32 0)) U
((2 16 128 4) (512 64 32 0) (8 8 0 0) (4 0 0 0)) L
((2 16 128 4) (512 64 32 0) (16 0 0 0) (4 0 0 4)) D
((2 0 4 0) (512 0 0 0) (16 16 128 0) (4 64 32 8)) R
((0 0 2 4) (0 0 0 512) (0 2 32 128) (4 64 32 8)) D
((2 0 0 4) (0 0 0 512) (0 2 2 128) (4 64 64 8)) L
((2 4 0 4) (512 0 0 0) (4 128 0 0) (4 128 8 0)) D
((0 0 0 0) (2 4 0 0) (512 4 0 0) (8 256 8 4)) U
((2 8 8 4) (512 256 0 0) (8 0 0 0) (0 4 0 0)) L
((2 16 4 0) (512 256 2 0) (8 0 0 0) (4 0 0 0)) D
((2 0 0 0) (512 2 0 0) (8 16 4 0) (4 256 2 0)) U
((2 2 4 0) (512 16 2 0) (8 256 0 2) (4 0 0 0)) L
((4 4 0 2) (512 16 2 0) (8 256 2 0) (4 0 0 0)) R
((0 0 8 2) (0 512 16 2) (0 8 256 2) (0 4 0 4)) L
((8 2 0 0) (512 16 2 0) (8 256 2 0) (8 0 4 0)) U
((8 2 4 0) (512 16 4 0) (16 256 0 0) (0 0 0 4)) U
((8 2 8 4) (512 16 0 0) (16 256 0 0) (4 0 0 0)) D
((8 0 0 4) (512 2 0 0) (16 16 0 0) (4 256 8 4)) L
((8 4 0 0) (512 2 4 0) (32 0 0 0) (4 256 8 4)) U
((8 4 4 4) (512 2 8 0) (32 256 0 0) (4 0 0 2)) L
((8 8 4 0) (512 2 8 2) (32 256 0 0) (4 2 0 0)) L
((16 4 0 4) (512 2 8 2) (32 256 0 0) (4 2 0 0)) L
((16 8 0 0) (512 2 8 2) (32 256 4 0) (4 2 0 0)) U
((16 8 8 2) (512 2 4 0) (32 256 0 0) (4 2 0 4)) L
((16 16 2 0) (512 2 4 0) (32 256 0 2) (4 2 4 0)) L
((32 2 4 0) (512 2 4 0) (32 256 2 0) (4 2 4 0)) U
((32 4 8 0) (512 256 2 0) (32 2 4 0) (4 4 0 0)) L
((32 4 8 2) (512 256 2 0) (32 2 4 0) (8 0 0 0)) R
((32 4 8 2) (0 512 256 2) (4 32 2 4) (0 0 0 8)) U
((32 4 8 4) (4 512 256 4) (0 32 2 8) (0 0 0 4)) U
((32 4 8 8) (4 512 256 8) (4 32 2 4) (0 0 0 0)) U
((32 4 8 16) (8 512 256 4) (0 32 2 0) (0 0 0 4)) U
((32 4 8 16) (8 512 256 8) (0 32 2 4) (0 0 0 0)) L
((32 4 8 16) (8 512 256 8) (32 2 4 4) (0 0 0 0)) R
((32 4 8 16) (8 512 256 8) (0 32 2 8) (0 0 4 0)) U
((32 4 8 16) (8 512 256 16) (0 32 2 4) (0 0 4 0)) D
((0 0 8 0) (4 4 256 0) (32 512 2 32) (8 32 4 4)) R
((0 0 0 8) (0 2 8 256) (32 512 2 32) (0 8 32 8)) U
((32 2 8 8) (0 512 2 256) (0 8 32 32) (4 0 0 8)) L
((32 2 16 0) (512 2 256 0) (8 64 0 0) (4 8 0 4)) U
((32 4 16 4) (512 64 256 4) (8 8 0 0) (4 0 0 0)) R
((32 4 16 4) (512 64 256 4) (0 0 0 16) (0 0 2 4)) U
((32 4 16 8) (512 64 256 16) (0 0 2 4) (0 0 0 4)) U
((32 4 16 8) (512 64 256 16) (4 0 2 8) (0 0 0 0)) L
((32 4 16 8) (512 64 256 16) (4 2 8 0) (0 0 4 0)) D
((4 0 16 0) (32 4 256 0) (512 64 8 8) (4 2 4 16)) R
((0 4 4 16) (0 32 4 256) (0 512 64 16) (4 2 4 16)) U
((4 4 8 16) (0 32 64 256) (4 512 4 32) (0 2 0 0)) L
((8 8 16 4) (32 64 256 0) (4 512 4 32) (2 0 0 0)) L
((16 16 4 0) (32 64 256 2) (4 512 4 32) (2 0 0 0)) L
((32 4 0 0) (32 64 256 2) (4 512 4 32) (2 0 2 0)) D
((0 0 0 4) (64 4 256 0) (4 64 4 2) (2 512 2 32)) R
((4 0 0 4) (0 64 4 256) (4 64 4 2) (2 512 2 32)) U
((8 128 8 4) (2 512 2 256) (0 2 0 2) (0 0 0 32)) L
((8 128 8 4) (2 512 2 256) (4 0 0 0) (32 2 0 0)) D
((8 0 4 0) (2 128 0 0) (4 512 8 4) (32 2 2 256)) L
((8 4 0 0) (2 128 0 2) (4 512 8 4) (32 4 256 0)) L
((8 4 0 0) (2 128 2 0) (4 512 8 4) (32 4 256 4)) D
((8 4 0 4) (2 128 2 0) (4 512 8 0) (32 4 256 8)) R
((0 4 8 8) (0 2 128 2) (0 4 512 8) (32 4 256 8)) U
((32 4 8 8) (0 2 128 2) (0 8 512 16) (2 0 256 0)) L
((32 4 16 0) (2 128 2 0) (8 512 16 4) (2 256 0 0)) U
((32 4 16 4) (2 128 2 0) (8 512 16 4) (2 256 0 0)) U
((32 4 16 8) (2 128 2 0) (8 512 16 0) (2 256 0 4)) L
((32 4 16 8) (2 128 2 0) (8 512 16 2) (2 256 4 0)) R
((32 4 16 8) (2 2 128 2) (8 512 16 2) (0 2 256 4)) U
((32 4 16 8) (2 2 128 4) (8 512 16 4) (4 2 256 0)) U
((32 4 16 8) (2 2 128 8) (8 512 16 0) (4 2 256 4)) D
((32 4 16 4) (2 2 128 0) (8 512 16 16) (4 2 256 4)) L
((32 4 16 4) (4 128 4 0) (8 512 32 0) (4 2 256 4)) U
((32 4 16 8) (4 128 4 0) (8 512 32 4) (4 2 256 0)) R
((32 4 16 8) (4 4 128 4) (8 512 32 4) (0 4 2 256)) U
((32 8 16 8) (4 512 128 8) (8 4 32 256) (0 4 2 0)) U
((32 8 16 16) (4 512 128 256) (8 8 32 4) (0 0 2 0)) L
((32 8 32 0) (4 512 128 256) (16 32 4 0) (2 0 4 0)) D
((32 4 0 0) (4 8 32 0) (16 512 128 0) (2 32 8 256)) U
((32 4 32 256) (4 8 128 0) (16 512 8 4) (2 32 0 0)) R
((32 4 32 256) (0 4 8 128) (16 512 8 4) (4 0 2 32)) D
((0 0 0 256) (32 2 32 128) (16 8 16 4) (4 512 2 32)) L
((256 2 0 0) (32 2 32 128) (16 8 16 4) (4 512 2 32)) U
((256 4 32 128) (32 8 16 4) (16 512 2 32) (4 0 0 4)) L
((256 4 32 128) (32 8 16 4) (16 512 2 32) (8 4 0 0)) D
((256 4 2 0) (32 8 32 128) (16 512 16 4) (8 4 2 32)) U
256	4	2	128	
32	8	32	4	
16	512	16	32	
8	4	2	4	

